5118072722250100017965001000012631100023184
5118092722250100017965001000014435100025030
5118092722250100017965001000014436100025031
5118092722250100017965001000014437100025032
5118092722250100017965001000014438100025033
5118092722250100017965001000014439100025035
5118092722250100017965001000014440100025036
5118092722250100017965001000014441100025037
5118092722250100017965001000014442100025038
5118092722250100017965001000014443100025039
5118092722250100017965001000014444100025040
5118092722250100017965001000014445100025041
5118092722250100017965001000014446100025042